x <-
c(0.0327972554049,0.141335173736,-0.943051547044,-0.65695668755,0.370553963395,0.667793725272,-0.386067560656,0.787226159367,0.443087723537,-0.62012209159,0.10845518225,-0.295736091947)
t <-
c(-0.17783867348,-0.347132519789,-0.733786711632,-0.780252755017,-0.301370461563,0.224908164489,-0.454874915853,0.489364544506,0.442737317727,-0.473359268687,-0.185239319158,-0.109123460933)
N <-
12
