w0 <- 0.357867118478
w1 <- 0.952923837996
beta <- 0.344287946315
