w0 <- 0.913240404118
w1 <- 0.808112230837
beta <- 0.403594832863
